Kabupaten

Tingkat Pengangguran Terbuka (TPT) (Persen)

2008

2009

2010

2011

2012

2013

2014

2015

2016

2017

2018

2019

2020

2021

2022

2023

2024

2025

Kerinci	5,85	5,88	4,58	3,85	4,42	7,13	4,44	3,67	-	3,26	2,89	2,36	2,43	2,32	2,63	2,48	2,51	2,39
Merangin	4,72	7,75	7,38	4,55	2,80	6,01	2,55	5,38	-	4,10	3,64	3,31	4,86	4,83	4,69	4,35	4,18	3,90
Sarolangun	4,16	2,84	4,11	4,33	1,91	3,64	4,13	4,53	-	2,25	4,18	5,32	5,71	5,52	5,22	5,09	5,03	4,68
Batang Hari	5,76	4,20	4,55	4,56	3,06	5,94	5,69	3,38	-	3,57	4,10	6,27	4,42	4,26	3,53	3,85	4,49	4,21
Muaro Jambi	6,64	6,09	6,76	6,01	2,43	2,78	4,36	5,40	-	5,39	4,66	8,79	5,43	5,59	5,35	5,40	5,27	5,02
Tanjab Timur	4,83	2,31	2,98	2,26	2,12	3,53	1,73	1,44	-	2,36	1,85	1,78	1,41	1,56	1,32	1,67	2,06	2,00
Tanjab Barat	4,31	4,38	2,80	4,19	2,77	4,90	1,34	2,68	-	3,07	2,46	2,60	2,16	2,53	2,88	2,95	3,20	3,12
Tebo	3,06	6,21	4,80	3,25	2,10	0,73	3,86	1,94	-	1,98	2,07	3,69	2,95	2,83	1,38	1,71	2,50	2,21
Bungo	2,98	4,80	3,00	3,07	3,43	4,38	6,34	2,98	-	4,89	3,09	5,62	5,94	5,86	5,50	5,23	4,67	4,33
Kota Jambi	7,13	7,73	7,82	3,60	4,89	7,44	10,13	7,32	-	5,55	6,56	8,33	10,49	10,66	8,95	8,27	7,38	7,08
Kota Sungai Penuh	-	-	13,27	3,97	6,57	5,12	10,81	8,18	-	4,14	5,44	4,34	5,56	3,00	2,49	3,80	4,30	4,09
JAMBI	-	-	-	-	-	-	-	-	-	-	3,86	4,19	-	-	4,59	4,53	4,48	4,26
